3788741
3788742
3788743
3788744
3788745
3788746
3788747
3788748
3788749
3788750
3788751
3788752
3788753
3788754
3788755
3788756
3788757
3788758
3788759
3788760
3788761
3788762
3788763
3788764
3788765
3788766
3788767
3788768
3788769
3788770
3788771
3788772
3788773
3788774
3788775
3788776
3794685
3794686
3794687
3794688
3794689
3794690
3794691
3794692
3795107
3795108
3795109
3795187
3795220
3795221
3795506
3835319
3835320
3835321
3835322
3835323
3835324
3835325
3835326
3835327
3835328
3835329
3835330
3835331
3835332
3835333
3835334
3835335
3835336
3835337
3835339
3835340
3835341
3844384
3844385
3844386
3844387
3845507
3847567
3857254
3857255
3857256
3857257
3857258
3857259
3857260
3857261
3857262
3857263
3857264
3857265
3857266
3857267
3857268
3857269
3857270
3857271
3857272
3857273
3857274
3857275
3857276
3857277
3857278
3857279
3857280
3857281
3857282
3857283
3857284
3857285
3857286
3857287
3857288
3857289
3857290
3857291
3857292
3857293
3857294
3857295
3857296
3857297
3857298
3857299
3857300
3857301
3869117
3869118
3869151
3869152
3869219
3869220
3869253
3869254
3869321
3869354
3869420
3869486
3869519
3869552
3869684
3869685
3893787
3893788
3893789
3893790
3893791
3893792
3893793
3893794
3893795
3893796
3893797
3893798
3893799
3893800
3893801
3893802
3893803
3893804
3893805
3893806
3893807
3893808
3893809
3893810
3893811
3893812
3893813
3893814
3893815
3893816
3893817
3893818
3893819
3893820
3893821
3893822
3893823
3893824
3893825
3893826
3893827
3893828
3893829
3893830
3893831
3893832
3893833
3893834
3895052
3895060
3895067
3895074
3895086
3895095
3895107
3895113
3895121
3895134
3895139
3895153
3895158
3895167
3895180
3895182
3895194
3895202
3895210
3895220
3895232
3895244
3895250
3895258
3895266
3895275
3895286
3895292
3895302
3895309
3895320
3895333
3895340
3895348
3901733
3901734
3901735
3901736
3901796
3901797
3901832
3901833
3902239
3902240
3902967
3902968
3904628
3904629
3906389
3906390
3930158
3930159
3930160
3930161
3930162
3930163
3930164
3930165
3930166
3930167
3930168
3930169
3930170
3930171
3930172
3930173
3930174
3930175
3930176
3930177
3930178
3930179
3930180
3930181
3930182
3930183
3930184
3938637
3938638
3938639
3938640
3938641
3938642
3938643
3938644
3938645
3940878
3940983
3941017
3941018
3941019
3941020
3941021
3941022
3942226
3942227
3942349
3942382
3942752
3942819
3943043
3998836
3998837
3998838
3998839
3998840
3998841
3998842
3998843
3998844
3998845
3998846
3998847
3998848
3998849
3998850
3998851
3998852
3998853
3998854
3998855
3998856
3998857
3998858
3998859
4018354
4018355
4018356
4018357
4020005
4020077
4020846
